Sat Sep 06 23:04:08 CEST 2025 - Record!
[  0(0)] [  0(0)] [  0(0)] [  0(0)] [  0(0)] [  0(0)] [  0(0)] [  0(0)] [  0(0)] [  0(0)] [  0(0)] [  0(0)] [  0(0)] [  0(0)] [  0(0)] [  0(0)] 
[  0(0)] [  0(0)] [  0(0)] [  0(0)] [  0(0)] [  0(0)] [  0(0)] [  0(0)] [  0(0)] [  0(0)] [  0(0)] [  0(0)] [  0(0)] [  0(0)] [  0(0)] [  0(0)] 
[  0(0)] [  0(0)] [  0(0)] [  0(0)] [  0(0)] [  0(0)] [  0(0)] [  0(0)] [  0(0)] [  0(0)] [  0(0)] [  0(0)] [  0(0)] [  0(0)] [  0(0)] [  0(0)] 
[  0(0)] [  0(0)] [  0(0)] [  0(0)] [  0(0)] [  0(0)] [  0(0)] [  0(0)] [  0(0)] [  0(0)] [  0(0)] [  0(0)] [  0(0)] [  0(0)] [  0(0)] [  0(0)] 
[  0(0)] [  0(0)] [  0(0)] [  0(0)] [  0(0)] [  0(0)] [  0(0)] [  0(0)] [  0(0)] [  0(0)] [  0(0)] [  0(0)] [  0(0)] [  0(0)] [  0(0)] [  0(0)] 
[  0(0)] [  0(0)] [  0(0)] [  0(0)] [  0(0)] [  0(0)] [  0(0)] [  0(0)] [  0(0)] [  0(0)] [  0(0)] [  0(0)] [  0(0)] [  0(0)] [  0(0)] [  0(0)] 
[  0(0)] [  0(0)] [  0(0)] [  0(0)] [  0(0)] [  0(0)] [  0(0)] [  0(0)] [  0(0)] [  0(0)] [  0(0)] [  0(0)] [  0(0)] [  0(0)] [  0(0)] [  0(0)] 
[  0(0)] [  0(0)] [  0(0)] [  0(0)] [  0(0)] [  0(0)] [  0(0)] [  0(0)] [  0(0)] [  0(0)] [  0(0)] [  0(0)] [  0(0)] [  0(0)] [  0(0)] [  0(0)] 
[  0(0)] [  0(0)] [  0(0)] [  0(0)] [  0(0)] [  0(0)] [  0(0)] [139(2)] [  0(0)] [  0(0)] [  0(0)] [  0(0)] [  0(0)] [  0(0)] [  0(0)] [  0(0)] 
[  0(0)] [  0(0)] [  0(0)] [  0(0)] [  0(0)] [  0(0)] [  0(0)] [  0(0)] [  0(0)] [  0(0)] [  0(0)] [  0(0)] [  0(0)] [  0(0)] [  0(0)] [  0(0)] 
[  0(0)] [  0(0)] [  0(0)] [  0(0)] [  0(0)] [  0(0)] [  0(0)] [  0(0)] [  0(0)] [  0(0)] [  0(0)] [  0(0)] [  0(0)] [  0(0)] [  0(0)] [  0(0)] 
[  0(0)] [  0(0)] [  0(0)] [  0(0)] [  0(0)] [  0(0)] [  0(0)] [  0(0)] [  0(0)] [  0(0)] [  0(0)] [  0(0)] [  0(0)] [  0(0)] [  0(0)] [  0(0)] 
[  0(0)] [  0(0)] [  0(0)] [  0(0)] [  0(0)] [  0(0)] [  0(0)] [  0(0)] [  0(0)] [  0(0)] [  0(0)] [  0(0)] [  0(0)] [  0(0)] [  0(0)] [  0(0)] 
[  0(0)] [  0(0)] [  0(0)] [  0(0)] [  0(0)] [  0(0)] [  0(0)] [  0(0)] [  0(0)] [  0(0)] [  0(0)] [  0(0)] [  0(0)] [  0(0)] [  0(0)] [  0(0)] 
[  0(0)] [  0(0)] [  0(0)] [  0(0)] [  0(0)] [  0(0)] [  0(0)] [  0(0)] [  0(0)] [  0(0)] [  0(0)] [  0(0)] [  0(0)] [  0(0)] [  0(0)] [  0(0)] 
[  0(0)] [  0(0)] [  0(0)] [  0(0)] [  0(0)] [  0(0)] [  0(0)] [  0(0)] [  0(0)] [  0(0)] [  0(0)] [  0(0)] [  0(0)] [  0(0)] [  0(0)] [  0(0)] 

Sat Sep 06 23:04:08 CEST 2025 - Record!
[ 61(0)] [  0(0)] [  0(0)] [  0(0)] [  0(0)] [  0(0)] [  0(0)] [  0(0)] [  0(0)] [  0(0)] [  0(0)] [  0(0)] [  0(0)] [  0(0)] [  0(0)] [  0(0)] 
[  0(0)] [  0(0)] [  0(0)] [  0(0)] [  0(0)] [  0(0)] [  0(0)] [  0(0)] [  0(0)] [  0(0)] [  0(0)] [  0(0)] [  0(0)] [  0(0)] [  0(0)] [  0(0)] 
[  0(0)] [  0(0)] [  0(0)] [  0(0)] [  0(0)] [  0(0)] [  0(0)] [  0(0)] [  0(0)] [  0(0)] [  0(0)] [  0(0)] [  0(0)] [  0(0)] [  0(0)] [  0(0)] 
[  0(0)] [  0(0)] [  0(0)] [  0(0)] [  0(0)] [  0(0)] [  0(0)] [  0(0)] [  0(0)] [  0(0)] [  0(0)] [  0(0)] [  0(0)] [  0(0)] [  0(0)] [  0(0)] 
[  0(0)] [  0(0)] [  0(0)] [  0(0)] [  0(0)] [  0(0)] [  0(0)] [  0(0)] [  0(0)] [  0(0)] [  0(0)] [  0(0)] [  0(0)] [  0(0)] [  0(0)] [  0(0)] 
[  0(0)] [  0(0)] [  0(0)] [  0(0)] [  0(0)] [  0(0)] [  0(0)] [  0(0)] [  0(0)] [  0(0)] [  0(0)] [  0(0)] [  0(0)] [  0(0)] [  0(0)] [  0(0)] 
[  0(0)] [  0(0)] [  0(0)] [  0(0)] [  0(0)] [  0(0)] [  0(0)] [  0(0)] [  0(0)] [  0(0)] [  0(0)] [  0(0)] [  0(0)] [  0(0)] [  0(0)] [  0(0)] 
[  0(0)] [  0(0)] [  0(0)] [  0(0)] [  0(0)] [  0(0)] [  0(0)] [  0(0)] [  0(0)] [  0(0)] [  0(0)] [  0(0)] [  0(0)] [  0(0)] [  0(0)] [  0(0)] 
[  0(0)] [  0(0)] [  0(0)] [  0(0)] [  0(0)] [  0(0)] [  0(0)] [139(2)] [  0(0)] [  0(0)] [  0(0)] [  0(0)] [  0(0)] [  0(0)] [  0(0)] [  0(0)] 
[  0(0)] [  0(0)] [  0(0)] [  0(0)] [  0(0)] [  0(0)] [  0(0)] [  0(0)] [  0(0)] [  0(0)] [  0(0)] [  0(0)] [  0(0)] [  0(0)] [  0(0)] [  0(0)] 
[  0(0)] [  0(0)] [  0(0)] [  0(0)] [  0(0)] [  0(0)] [  0(0)] [  0(0)] [  0(0)] [  0(0)] [  0(0)] [  0(0)] [  0(0)] [  0(0)] [  0(0)] [  0(0)] 
[  0(0)] [  0(0)] [  0(0)] [  0(0)] [  0(0)] [  0(0)] [  0(0)] [  0(0)] [  0(0)] [  0(0)] [  0(0)] [  0(0)] [  0(0)] [  0(0)] [  0(0)] [  0(0)] 
[  0(0)] [  0(0)] [  0(0)] [  0(0)] [  0(0)] [  0(0)] [  0(0)] [  0(0)] [  0(0)] [  0(0)] [  0(0)] [  0(0)] [  0(0)] [  0(0)] [  0(0)] [  0(0)] 
[  0(0)] [  0(0)] [  0(0)] [  0(0)] [  0(0)] [  0(0)] [  0(0)] [  0(0)] [  0(0)] [  0(0)] [  0(0)] [  0(0)] [  0(0)] [  0(0)] [  0(0)] [  0(0)] 
[  0(0)] [  0(0)] [  0(0)] [  0(0)] [  0(0)] [  0(0)] [  0(0)] [  0(0)] [  0(0)] [  0(0)] [  0(0)] [  0(0)] [  0(0)] [  0(0)] [  0(0)] [  0(0)] 
[  0(0)] [  0(0)] [  0(0)] [  0(0)] [  0(0)] [  0(0)] [  0(0)] [  0(0)] [  0(0)] [  0(0)] [  0(0)] [  0(0)] [  0(0)] [  0(0)] [  0(0)] [  0(0)] 

Sat Sep 06 23:04:08 CEST 2025 - Record!
[  0(0)] [  0(0)] [  0(0)] [  0(0)] [  0(0)] [  0(0)] [  0(0)] [  0(0)] [  0(0)] [  0(0)] [  0(0)] [  0(0)] [  0(0)] [  0(0)] [  0(0)] [  0(0)] 
[  0(0)] [  0(0)] [  0(0)] [  0(0)] [  0(0)] [  0(0)] [  0(0)] [  0(0)] [  0(0)] [  0(0)] [  0(0)] [  0(0)] [  0(0)] [  0(0)] [  0(0)] [  0(0)] 
[  0(0)] [  0(0)] [  0(0)] [  0(0)] [  0(0)] [  0(0)] [  0(0)] [  0(0)] [  0(0)] [  0(0)] [  0(0)] [  0(0)] [  0(0)] [  0(0)] [  0(0)] [  0(0)] 
[  0(0)] [  0(0)] [  0(0)] [  0(0)] [  0(0)] [  0(0)] [  0(0)] [  0(0)] [  0(0)] [  0(0)] [  0(0)] [  0(0)] [  0(0)] [  0(0)] [  0(0)] [  0(0)] 
[  0(0)] [  0(0)] [  0(0)] [  0(0)] [  0(0)] [  0(0)] [  0(0)] [  0(0)] [  0(0)] [  0(0)] [  0(0)] [  0(0)] [  0(0)] [  0(0)] [  0(0)] [  0(0)] 
[  0(0)] [  0(0)] [  0(0)] [  0(0)] [  0(0)] [  0(0)] [  0(0)] [  0(0)] [  0(0)] [  0(0)] [  0(0)] [  0(0)] [  0(0)] [  0(0)] [  0(0)] [  0(0)] 
[  0(0)] [  0(0)] [  0(0)] [  0(0)] [  0(0)] [  0(0)] [  0(0)] [  0(0)] [  0(0)] [  0(0)] [  0(0)] [  0(0)] [  0(0)] [  0(0)] [  0(0)] [  0(0)] 
[  0(0)] [  0(0)] [  0(0)] [  0(0)] [  0(0)] [  0(0)] [  0(0)] [  0(0)] [  0(0)] [  0(0)] [  0(0)] [  0(0)] [  0(0)] [  0(0)] [  0(0)] [  0(0)] 
[  0(0)] [  0(0)] [  0(0)] [  0(0)] [  0(0)] [  0(0)] [  0(0)] [139(2)] [  0(0)] [  0(0)] [  0(0)] [  0(0)] [  0(0)] [  0(0)] [  0(0)] [  0(0)] 
[  0(0)] [  0(0)] [  0(0)] [  0(0)] [  0(0)] [  0(0)] [  0(0)] [  0(0)] [  0(0)] [  0(0)] [  0(0)] [  0(0)] [  0(0)] [  0(0)] [  0(0)] [  0(0)] 
[  0(0)] [  0(0)] [  0(0)] [  0(0)] [  0(0)] [  0(0)] [  0(0)] [  0(0)] [  0(0)] [  0(0)] [  0(0)] [  0(0)] [  0(0)] [  0(0)] [  0(0)] [  0(0)] 
[  0(0)] [  0(0)] [  0(0)] [  0(0)] [  0(0)] [  0(0)] [  0(0)] [  0(0)] [  0(0)] [  0(0)] [  0(0)] [  0(0)] [  0(0)] [  0(0)] [  0(0)] [  0(0)] 
[  0(0)] [  0(0)] [  0(0)] [  0(0)] [  0(0)] [  0(0)] [  0(0)] [  0(0)] [  0(0)] [  0(0)] [  0(0)] [  0(0)] [  0(0)] [  0(0)] [  0(0)] [  0(0)] 
[  0(0)] [  0(0)] [  0(0)] [  0(0)] [  0(0)] [  0(0)] [  0(0)] [  0(0)] [  0(0)] [  0(0)] [  0(0)] [  0(0)] [  0(0)] [  0(0)] [  0(0)] [  0(0)] 
[  0(0)] [  0(0)] [  0(0)] [  0(0)] [  0(0)] [  0(0)] [  0(0)] [  0(0)] [  0(0)] [  0(0)] [  0(0)] [  0(0)] [  0(0)] [  0(0)] [  0(0)] [  0(0)] 
[  0(0)] [  0(0)] [  0(0)] [  0(0)] [  0(0)] [  0(0)] [  0(0)] [  0(0)] [  0(0)] [  0(0)] [  0(0)] [  0(0)] [  0(0)] [  0(0)] [  0(0)] [  0(0)] 

Sat Sep 06 23:04:08 CEST 2025 - Record!
[  0(0)] [ 62(0)] [  0(0)] [  0(0)] [  0(0)] [  0(0)] [  0(0)] [  0(0)] [  0(0)] [  0(0)] [  0(0)] [  0(0)] [  0(0)] [  0(0)] [  0(0)] [  0(0)] 
[  0(0)] [  0(0)] [  0(0)] [  0(0)] [  0(0)] [  0(0)] [  0(0)] [  0(0)] [  0(0)] [  0(0)] [  0(0)] [  0(0)] [  0(0)] [  0(0)] [  0(0)] [  0(0)] 
[  0(0)] [  0(0)] [  0(0)] [  0(0)] [  0(0)] [  0(0)] [  0(0)] [  0(0)] [  0(0)] [  0(0)] [  0(0)] [  0(0)] [  0(0)] [  0(0)] [  0(0)] [  0(0)] 
[  0(0)] [  0(0)] [  0(0)] [  0(0)] [  0(0)] [  0(0)] [  0(0)] [  0(0)] [  0(0)] [  0(0)] [  0(0)] [  0(0)] [  0(0)] [  0(0)] [  0(0)] [  0(0)] 
[  0(0)] [  0(0)] [  0(0)] [  0(0)] [  0(0)] [  0(0)] [  0(0)] [  0(0)] [  0(0)] [  0(0)] [  0(0)] [  0(0)] [  0(0)] [  0(0)] [  0(0)] [  0(0)] 
[  0(0)] [  0(0)] [  0(0)] [  0(0)] [  0(0)] [  0(0)] [  0(0)] [  0(0)] [  0(0)] [  0(0)] [  0(0)] [  0(0)] [  0(0)] [  0(0)] [  0(0)] [  0(0)] 
[  0(0)] [  0(0)] [  0(0)] [  0(0)] [  0(0)] [  0(0)] [  0(0)] [  0(0)] [  0(0)] [  0(0)] [  0(0)] [  0(0)] [  0(0)] [  0(0)] [  0(0)] [  0(0)] 
[  0(0)] [  0(0)] [  0(0)] [  0(0)] [  0(0)] [  0(0)] [  0(0)] [  0(0)] [  0(0)] [  0(0)] [  0(0)] [  0(0)] [  0(0)] [  0(0)] [  0(0)] [  0(0)] 
[  0(0)] [  0(0)] [  0(0)] [  0(0)] [  0(0)] [  0(0)] [  0(0)] [139(2)] [  0(0)] [  0(0)] [  0(0)] [  0(0)] [  0(0)] [  0(0)] [  0(0)] [  0(0)] 
[  0(0)] [  0(0)] [  0(0)] [  0(0)] [  0(0)] [  0(0)] [  0(0)] [  0(0)] [  0(0)] [  0(0)] [  0(0)] [  0(0)] [  0(0)] [  0(0)] [  0(0)] [  0(0)] 
[  0(0)] [  0(0)] [  0(0)] [  0(0)] [  0(0)] [  0(0)] [  0(0)] [  0(0)] [  0(0)] [  0(0)] [  0(0)] [  0(0)] [  0(0)] [  0(0)] [  0(0)] [  0(0)] 
[  0(0)] [  0(0)] [  0(0)] [  0(0)] [  0(0)] [  0(0)] [  0(0)] [  0(0)] [  0(0)] [  0(0)] [  0(0)] [  0(0)] [  0(0)] [  0(0)] [  0(0)] [  0(0)] 
[  0(0)] [  0(0)] [  0(0)] [  0(0)] [  0(0)] [  0(0)] [  0(0)] [  0(0)] [  0(0)] [  0(0)] [  0(0)] [  0(0)] [  0(0)] [  0(0)] [  0(0)] [  0(0)] 
[  0(0)] [  0(0)] [  0(0)] [  0(0)] [  0(0)] [  0(0)] [  0(0)] [  0(0)] [  0(0)] [  0(0)] [  0(0)] [  0(0)] [  0(0)] [  0(0)] [  0(0)] [  0(0)] 
[  0(0)] [  0(0)] [  0(0)] [  0(0)] [  0(0)] [  0(0)] [  0(0)] [  0(0)] [  0(0)] [  0(0)] [  0(0)] [  0(0)] [  0(0)] [  0(0)] [  0(0)] [  0(0)] 
[  0(0)] [  0(0)] [  0(0)] [  0(0)] [  0(0)] [  0(0)] [  0(0)] [  0(0)] [  0(0)] [  0(0)] [  0(0)] [  0(0)] [  0(0)] [  0(0)] [  0(0)] [  0(0)] 

Sat Sep 06 23:04:08 CEST 2025 - Record!
[  0(0)] [  0(0)] [  0(0)] [  0(0)] [  0(0)] [  0(0)] [  0(0)] [  0(0)] [  0(0)] [  0(0)] [  0(0)] [  0(0)] [  0(0)] [  0(0)] [  0(0)] [  0(0)] 
[  0(0)] [  0(0)] [  0(0)] [  0(0)] [  0(0)] [  0(0)] [  0(0)] [  0(0)] [  0(0)] [  0(0)] [  0(0)] [  0(0)] [  0(0)] [  0(0)] [  0(0)] [  0(0)] 
[  0(0)] [  0(0)] [  0(0)] [  0(0)] [  0(0)] [  0(0)] [  0(0)] [  0(0)] [  0(0)] [  0(0)] [  0(0)] [  0(0)] [  0(0)] [  0(0)] [  0(0)] [  0(0)] 
[  0(0)] [  0(0)] [  0(0)] [  0(0)] [  0(0)] [  0(0)] [  0(0)] [  0(0)] [  0(0)] [  0(0)] [  0(0)] [  0(0)] [  0(0)] [  0(0)] [  0(0)] [  0(0)] 
[  0(0)] [  0(0)] [  0(0)] [  0(0)] [  0(0)] [  0(0)] [  0(0)] [  0(0)] [  0(0)] [  0(0)] [  0(0)] [  0(0)] [  0(0)] [  0(0)] [  0(0)] [  0(0)] 
[  0(0)] [  0(0)] [  0(0)] [  0(0)] [  0(0)] [  0(0)] [  0(0)] [  0(0)] [  0(0)] [  0(0)] [  0(0)] [  0(0)] [  0(0)] [  0(0)] [  0(0)] [  0(0)] 
[  0(0)] [  0(0)] [  0(0)] [  0(0)] [  0(0)] [  0(0)] [  0(0)] [  0(0)] [  0(0)] [  0(0)] [  0(0)] [  0(0)] [  0(0)] [  0(0)] [  0(0)] [  0(0)] 
[  0(0)] [  0(0)] [  0(0)] [  0(0)] [  0(0)] [  0(0)] [  0(0)] [  0(0)] [  0(0)] [  0(0)] [  0(0)] [  0(0)] [  0(0)] [  0(0)] [  0(0)] [  0(0)] 
[  0(0)] [  0(0)] [  0(0)] [  0(0)] [  0(0)] [  0(0)] [  0(0)] [139(2)] [  0(0)] [  0(0)] [  0(0)] [  0(0)] [  0(0)] [  0(0)] [  0(0)] [  0(0)] 
[  0(0)] [  0(0)] [  0(0)] [  0(0)] [  0(0)] [  0(0)] [  0(0)] [  0(0)] [  0(0)] [  0(0)] [  0(0)] [  0(0)] [  0(0)] [  0(0)] [  0(0)] [  0(0)] 
[  0(0)] [  0(0)] [  0(0)] [  0(0)] [  0(0)] [  0(0)] [  0(0)] [  0(0)] [  0(0)] [  0(0)] [  0(0)] [  0(0)] [  0(0)] [  0(0)] [  0(0)] [  0(0)] 
[  0(0)] [  0(0)] [  0(0)] [  0(0)] [  0(0)] [  0(0)] [  0(0)] [  0(0)] [  0(0)] [  0(0)] [  0(0)] [  0(0)] [  0(0)] [  0(0)] [  0(0)] [  0(0)] 
[  0(0)] [  0(0)] [  0(0)] [  0(0)] [  0(0)] [  0(0)] [  0(0)] [  0(0)] [  0(0)] [  0(0)] [  0(0)] [  0(0)] [  0(0)] [  0(0)] [  0(0)] [  0(0)] 
[  0(0)] [  0(0)] [  0(0)] [  0(0)] [  0(0)] [  0(0)] [  0(0)] [  0(0)] [  0(0)] [  0(0)] [  0(0)] [  0(0)] [  0(0)] [  0(0)] [  0(0)] [  0(0)] 
[  0(0)] [  0(0)] [  0(0)] [  0(0)] [  0(0)] [  0(0)] [  0(0)] [  0(0)] [  0(0)] [  0(0)] [  0(0)] [  0(0)] [  0(0)] [  0(0)] [  0(0)] [  0(0)] 
[  0(0)] [  0(0)] [  0(0)] [  0(0)] [  0(0)] [  0(0)] [  0(0)] [  0(0)] [  0(0)] [  0(0)] [  0(0)] [  0(0)] [  0(0)] [  0(0)] [  0(0)] [  0(0)] 

Sat Sep 06 23:04:08 CEST 2025 - Record!
[  0(0)] [  0(0)] [ 63(0)] [  0(0)] [  0(0)] [  0(0)] [  0(0)] [  0(0)] [  0(0)] [  0(0)] [  0(0)] [  0(0)] [  0(0)] [  0(0)] [  0(0)] [  0(0)] 
[  0(0)] [  0(0)] [  0(0)] [  0(0)] [  0(0)] [  0(0)] [  0(0)] [  0(0)] [  0(0)] [  0(0)] [  0(0)] [  0(0)] [  0(0)] [  0(0)] [  0(0)] [  0(0)] 
[  0(0)] [  0(0)] [  0(0)] [  0(0)] [  0(0)] [  0(0)] [  0(0)] [  0(0)] [  0(0)] [  0(0)] [  0(0)] [  0(0)] [  0(0)] [  0(0)] [  0(0)] [  0(0)] 
[  0(0)] [  0(0)] [  0(0)] [  0(0)] [  0(0)] [  0(0)] [  0(0)] [  0(0)] [  0(0)] [  0(0)] [  0(0)] [  0(0)] [  0(0)] [  0(0)] [  0(0)] [  0(0)] 
[  0(0)] [  0(0)] [  0(0)] [  0(0)] [  0(0)] [  0(0)] [  0(0)] [  0(0)] [  0(0)] [  0(0)] [  0(0)] [  0(0)] [  0(0)] [  0(0)] [  0(0)] [  0(0)] 
[  0(0)] [  0(0)] [  0(0)] [  0(0)] [  0(0)] [  0(0)] [  0(0)] [  0(0)] [  0(0)] [  0(0)] [  0(0)] [  0(0)] [  0(0)] [  0(0)] [  0(0)] [  0(0)] 
[  0(0)] [  0(0)] [  0(0)] [  0(0)] [  0(0)] [  0(0)] [  0(0)] [  0(0)] [  0(0)] [  0(0)] [  0(0)] [  0(0)] [  0(0)] [  0(0)] [  0(0)] [  0(0)] 
[  0(0)] [  0(0)] [  0(0)] [  0(0)] [  0(0)] [  0(0)] [  0(0)] [  0(0)] [  0(0)] [  0(0)] [  0(0)] [  0(0)] [  0(0)] [  0(0)] [  0(0)] [  0(0)] 
[  0(0)] [  0(0)] [  0(0)] [  0(0)] [  0(0)] [  0(0)] [  0(0)] [139(2)] [  0(0)] [  0(0)] [  0(0)] [  0(0)] [  0(0)] [  0(0)] [  0(0)] [  0(0)] 
[  0(0)] [  0(0)] [  0(0)] [  0(0)] [  0(0)] [  0(0)] [  0(0)] [  0(0)] [  0(0)] [  0(0)] [  0(0)] [  0(0)] [  0(0)] [  0(0)] [  0(0)] [  0(0)] 
[  0(0)] [  0(0)] [  0(0)] [  0(0)] [  0(0)] [  0(0)] [  0(0)] [  0(0)] [  0(0)] [  0(0)] [  0(0)] [  0(0)] [  0(0)] [  0(0)] [  0(0)] [  0(0)] 
[  0(0)] [  0(0)] [  0(0)] [  0(0)] [  0(0)] [  0(0)] [  0(0)] [  0(0)] [  0(0)] [  0(0)] [  0(0)] [  0(0)] [  0(0)] [  0(0)] [  0(0)] [  0(0)] 
[  0(0)] [  0(0)] [  0(0)] [  0(0)] [  0(0)] [  0(0)] [  0(0)] [  0(0)] [  0(0)] [  0(0)] [  0(0)] [  0(0)] [  0(0)] [  0(0)] [  0(0)] [  0(0)] 
[  0(0)] [  0(0)] [  0(0)] [  0(0)] [  0(0)] [  0(0)] [  0(0)] [  0(0)] [  0(0)] [  0(0)] [  0(0)] [  0(0)] [  0(0)] [  0(0)] [  0(0)] [  0(0)] 
[  0(0)] [  0(0)] [  0(0)] [  0(0)] [  0(0)] [  0(0)] [  0(0)] [  0(0)] [  0(0)] [  0(0)] [  0(0)] [  0(0)] [  0(0)] [  0(0)] [  0(0)] [  0(0)] 
[  0(0)] [  0(0)] [  0(0)] [  0(0)] [  0(0)] [  0(0)] [  0(0)] [  0(0)] [  0(0)] [  0(0)] [  0(0)] [  0(0)] [  0(0)] [  0(0)] [  0(0)] [  0(0)] 

Sat Sep 06 23:04:08 CEST 2025 - Record!
[  0(0)] [  0(0)] [  0(0)] [  0(0)] [  0(0)] [  0(0)] [  0(0)] [  0(0)] [  0(0)] [  0(0)] [  0(0)] [  0(0)] [  0(0)] [  0(0)] [  0(0)] [  0(0)] 
[  0(0)] [  0(0)] [  0(0)] [  0(0)] [  0(0)] [  0(0)] [  0(0)] [  0(0)] [  0(0)] [  0(0)] [  0(0)] [  0(0)] [  0(0)] [  0(0)] [  0(0)] [  0(0)] 
[  0(0)] [  0(0)] [  0(0)] [  0(0)] [  0(0)] [  0(0)] [  0(0)] [  0(0)] [  0(0)] [  0(0)] [  0(0)] [  0(0)] [  0(0)] [  0(0)] [  0(0)] [  0(0)] 
[  0(0)] [  0(0)] [  0(0)] [  0(0)] [  0(0)] [  0(0)] [  0(0)] [  0(0)] [  0(0)] [  0(0)] [  0(0)] [  0(0)] [  0(0)] [  0(0)] [  0(0)] [  0(0)] 
[  0(0)] [  0(0)] [  0(0)] [  0(0)] [  0(0)] [  0(0)] [  0(0)] [  0(0)] [  0(0)] [  0(0)] [  0(0)] [  0(0)] [  0(0)] [  0(0)] [  0(0)] [  0(0)] 
[  0(0)] [  0(0)] [  0(0)] [  0(0)] [  0(0)] [  0(0)] [  0(0)] [  0(0)] [  0(0)] [  0(0)] [  0(0)] [  0(0)] [  0(0)] [  0(0)] [  0(0)] [  0(0)] 
[  0(0)] [  0(0)] [  0(0)] [  0(0)] [  0(0)] [  0(0)] [  0(0)] [  0(0)] [  0(0)] [  0(0)] [  0(0)] [  0(0)] [  0(0)] [  0(0)] [  0(0)] [  0(0)] 
[  0(0)] [  0(0)] [  0(0)] [  0(0)] [  0(0)] [  0(0)] [  0(0)] [  0(0)] [  0(0)] [  0(0)] [  0(0)] [  0(0)] [  0(0)] [  0(0)] [  0(0)] [  0(0)] 
[  0(0)] [  0(0)] [  0(0)] [  0(0)] [  0(0)] [  0(0)] [  0(0)] [139(2)] [  0(0)] [  0(0)] [  0(0)] [  0(0)] [  0(0)] [  0(0)] [  0(0)] [  0(0)] 
[  0(0)] [  0(0)] [  0(0)] [  0(0)] [  0(0)] [  0(0)] [  0(0)] [  0(0)] [  0(0)] [  0(0)] [  0(0)] [  0(0)] [  0(0)] [  0(0)] [  0(0)] [  0(0)] 
[  0(0)] [  0(0)] [  0(0)] [  0(0)] [  0(0)] [  0(0)] [  0(0)] [  0(0)] [  0(0)] [  0(0)] [  0(0)] [  0(0)] [  0(0)] [  0(0)] [  0(0)] [  0(0)] 
[  0(0)] [  0(0)] [  0(0)] [  0(0)] [  0(0)] [  0(0)] [  0(0)] [  0(0)] [  0(0)] [  0(0)] [  0(0)] [  0(0)] [  0(0)] [  0(0)] [  0(0)] [  0(0)] 
[  0(0)] [  0(0)] [  0(0)] [  0(0)] [  0(0)] [  0(0)] [  0(0)] [  0(0)] [  0(0)] [  0(0)] [  0(0)] [  0(0)] [  0(0)] [  0(0)] [  0(0)] [  0(0)] 
[  0(0)] [  0(0)] [  0(0)] [  0(0)] [  0(0)] [  0(0)] [  0(0)] [  0(0)] [  0(0)] [  0(0)] [  0(0)] [  0(0)] [  0(0)] [  0(0)] [  0(0)] [  0(0)] 
[  0(0)] [  0(0)] [  0(0)] [  0(0)] [  0(0)] [  0(0)] [  0(0)] [  0(0)] [  0(0)] [  0(0)] [  0(0)] [  0(0)] [  0(0)] [  0(0)] [  0(0)] [  0(0)] 
[  0(0)] [  0(0)] [  0(0)] [  0(0)] [  0(0)] [  0(0)] [  0(0)] [  0(0)] [  0(0)] [  0(0)] [  0(0)] [  0(0)] [  0(0)] [  0(0)] [  0(0)] [  0(0)] 

Sat Sep 06 23:04:08 CEST 2025 - Record!
[  0(0)] [  0(0)] [  0(0)] [  0(0)] [  0(0)] [  0(0)] [  0(0)] [  0(0)] [  0(0)] [  0(0)] [  0(0)] [  0(0)] [  0(0)] [  0(0)] [  0(0)] [  0(0)] 
[  0(0)] [  0(0)] [  0(0)] [  0(0)] [  0(0)] [  0(0)] [  0(0)] [  0(0)] [  0(0)] [  0(0)] [  0(0)] [  0(0)] [  0(0)] [  0(0)] [  0(0)] [  0(0)] 
[  0(0)] [  0(0)] [  0(0)] [  0(0)] [  0(0)] [  0(0)] [  0(0)] [  0(0)] [  0(0)] [  0(0)] [  0(0)] [  0(0)] [  0(0)] [  0(0)] [  0(0)] [  0(0)] 
[  0(0)] [  0(0)] [  0(0)] [  0(0)] [  0(0)] [  0(0)] [  0(0)] [  0(0)] [  0(0)] [  0(0)] [  0(0)] [  0(0)] [  0(0)] [  0(0)] [  0(0)] [  0(0)] 
[  0(0)] [  0(0)] [  0(0)] [  0(0)] [  0(0)] [  0(0)] [  0(0)] [  0(0)] [  0(0)] [  0(0)] [  0(0)] [  0(0)] [  0(0)] [  0(0)] [  0(0)] [  0(0)] 
[  0(0)] [  0(0)] [  0(0)] [  0(0)] [  0(0)] [  0(0)] [  0(0)] [  0(0)] [  0(0)] [  0(0)] [  0(0)] [  0(0)] [  0(0)] [  0(0)] [  0(0)] [  0(0)] 
[  0(0)] [  0(0)] [  0(0)] [  0(0)] [  0(0)] [  0(0)] [  0(0)] [  0(0)] [  0(0)] [  0(0)] [  0(0)] [  0(0)] [  0(0)] [  0(0)] [  0(0)] [  0(0)] 
[  0(0)] [  0(0)] [  0(0)] [  0(0)] [  0(0)] [  0(0)] [  0(0)] [  0(0)] [  0(0)] [  0(0)] [  0(0)] [  0(0)] [  0(0)] [  0(0)] [  0(0)] [  0(0)] 
[  0(0)] [  0(0)] [  0(0)] [  0(0)] [  0(0)] [  0(0)] [  0(0)] [139(2)] [  0(0)] [  0(0)] [  0(0)] [  0(0)] [  0(0)] [  0(0)] [  0(0)] [  0(0)] 
[  0(0)] [  0(0)] [  0(0)] [  0(0)] [  0(0)] [  0(0)] [  0(0)] [  0(0)] [  0(0)] [  0(0)] [  0(0)] [  0(0)] [  0(0)] [  0(0)] [  0(0)] [  0(0)] 
[  0(0)] [  0(0)] [  0(0)] [  0(0)] [  0(0)] [  0(0)] [  0(0)] [  0(0)] [  0(0)] [  0(0)] [  0(0)] [  0(0)] [  0(0)] [  0(0)] [  0(0)] [  0(0)] 
[  0(0)] [  0(0)] [  0(0)] [  0(0)] [  0(0)] [  0(0)] [  0(0)] [  0(0)] [  0(0)] [  0(0)] [  0(0)] [  0(0)] [  0(0)] [  0(0)] [  0(0)] [  0(0)] 
[  0(0)] [  0(0)] [  0(0)] [  0(0)] [  0(0)] [  0(0)] [  0(0)] [  0(0)] [  0(0)] [  0(0)] [  0(0)] [  0(0)] [  0(0)] [  0(0)] [  0(0)] [  0(0)] 
[  0(0)] [  0(0)] [  0(0)] [  0(0)] [  0(0)] [  0(0)] [  0(0)] [  0(0)] [  0(0)] [  0(0)] [  0(0)] [  0(0)] [  0(0)] [  0(0)] [  0(0)] [  0(0)] 
[  0(0)] [  0(0)] [  0(0)] [  0(0)] [  0(0)] [  0(0)] [  0(0)] [  0(0)] [  0(0)] [  0(0)] [  0(0)] [  0(0)] [  0(0)] [  0(0)] [  0(0)] [  0(0)] 
[  0(0)] [  0(0)] [  0(0)] [  0(0)] [  0(0)] [  0(0)] [  0(0)] [  0(0)] [  0(0)] [  0(0)] [  0(0)] [  0(0)] [  0(0)] [  0(0)] [  0(0)] [  0(0)] 

Sat Sep 06 23:04:08 CEST 2025 - Record!
[  0(0)] [  0(0)] [  0(0)] [  0(0)] [  0(0)] [  0(0)] [  0(0)] [  0(0)] [  0(0)] [  0(0)] [  0(0)] [  0(0)] [  0(0)] [  0(0)] [  0(0)] [  0(0)] 
[  0(0)] [  0(0)] [  0(0)] [  0(0)] [  0(0)] [  0(0)] [  0(0)] [  0(0)] [  0(0)] [  0(0)] [  0(0)] [  0(0)] [  0(0)] [  0(0)] [  0(0)] [  0(0)] 
[  0(0)] [  0(0)] [  0(0)] [  0(0)] [  0(0)] [  0(0)] [  0(0)] [  0(0)] [  0(0)] [  0(0)] [  0(0)] [  0(0)] [  0(0)] [  0(0)] [  0(0)] [  0(0)] 
[  0(0)] [  0(0)] [  0(0)] [  0(0)] [  0(0)] [  0(0)] [  0(0)] [  0(0)] [  0(0)] [  0(0)] [  0(0)] [  0(0)] [  0(0)] [  0(0)] [  0(0)] [  0(0)] 
[  0(0)] [  0(0)] [  0(0)] [  0(0)] [  0(0)] [  0(0)] [  0(0)] [  0(0)] [  0(0)] [  0(0)] [  0(0)] [  0(0)] [  0(0)] [  0(0)] [  0(0)] [  0(0)] 
[  0(0)] [  0(0)] [  0(0)] [  0(0)] [  0(0)] [  0(0)] [  0(0)] [  0(0)] [  0(0)] [  0(0)] [  0(0)] [  0(0)] [  0(0)] [  0(0)] [  0(0)] [  0(0)] 
[  0(0)] [  0(0)] [  0(0)] [  0(0)] [  0(0)] [  0(0)] [  0(0)] [  0(0)] [  0(0)] [  0(0)] [  0(0)] [  0(0)] [  0(0)] [  0(0)] [  0(0)] [  0(0)] 
[  0(0)] [  0(0)] [  0(0)] [  0(0)] [  0(0)] [  0(0)] [  0(0)] [  0(0)] [  0(0)] [  0(0)] [  0(0)] [  0(0)] [  0(0)] [  0(0)] [  0(0)] [  0(0)] 
[  0(0)] [  0(0)] [  0(0)] [  0(0)] [  0(0)] [  0(0)] [  0(0)] [139(2)] [  0(0)] [  0(0)] [  0(0)] [  0(0)] [  0(0)] [  0(0)] [  0(0)] [  0(0)] 
[  0(0)] [  0(0)] [  0(0)] [  0(0)] [  0(0)] [  0(0)] [  0(0)] [  0(0)] [  0(0)] [  0(0)] [  0(0)] [  0(0)] [  0(0)] [  0(0)] [  0(0)] [  0(0)] 
[  0(0)] [  0(0)] [  0(0)] [  0(0)] [  0(0)] [  0(0)] [  0(0)] [  0(0)] [  0(0)] [  0(0)] [  0(0)] [  0(0)] [  0(0)] [  0(0)] [  0(0)] [  0(0)] 
[  0(0)] [  0(0)] [  0(0)] [  0(0)] [  0(0)] [  0(0)] [  0(0)] [  0(0)] [  0(0)] [  0(0)] [  0(0)] [  0(0)] [  0(0)] [  0(0)] [  0(0)] [  0(0)] 
[  0(0)] [  0(0)] [  0(0)] [  0(0)] [  0(0)] [  0(0)] [  0(0)] [  0(0)] [  0(0)] [  0(0)] [  0(0)] [  0(0)] [  0(0)] [  0(0)] [  0(0)] [  0(0)] 
[  0(0)] [  0(0)] [  0(0)] [  0(0)] [  0(0)] [  0(0)] [  0(0)] [  0(0)] [  0(0)] [  0(0)] [  0(0)] [  0(0)] [  0(0)] [  0(0)] [  0(0)] [  0(0)] 
[  0(0)] [  0(0)] [  0(0)] [  0(0)] [  0(0)] [  0(0)] [  0(0)] [  0(0)] [  0(0)] [  0(0)] [  0(0)] [  0(0)] [  0(0)] [  0(0)] [  0(0)] [  0(0)] 
[  0(0)] [  0(0)] [  0(0)] [  0(0)] [  0(0)] [  0(0)] [  0(0)] [  0(0)] [  0(0)] [  0(0)] [  0(0)] [  0(0)] [  0(0)] [  0(0)] [  0(0)] [  0(0)] 

