# Eternity II - Pièces extraites depuis images
# Format: piece_id north east south west

1 0 1 2 3
2 4 1 2 1
3 1 2 5 4
4 3 0 1 5
5 1 2 5 4
6 3 2 1 5
7 6 7 8 9
8 0 1 2 3
9 2 2 2 0
10 6 10 1 11
11 12 10 2 13
12 12 14 1 10
13 15 16 17 10
14 18 6 19 16
15 12 20 1 21
16 6 13 2 10
17 12 16 2 21
18 12 10 1 22
19 4 1 2 1
20 23 11 1 16
21 6 20 24 10
22 6 25 2 26
23 6 16 1 13
24 0 1 2 3
25 27 19 28 25
26 23 18 26 29
27 2 2 2 0
28 12 21 1 29
29 2 2 5 5
30 5 1 1 1
31 15 11 17 21
32 2 0 24 1
33 2 0 0 5
34 6 12 16 30
35 2 0 24 1
36 23 18 26 29
