# Puzzle Indice 2 (12×6)
# Type: indice2
# Dimensions: 6x12
# Total pièces: 72
# Difficulté: moyen
#

1 0 5 2 8
2 7 7 7 2
3 3 2 4 4
4 0 5 2 8
5 2 7 4 7
6 4 4 2 7
7 0 0 8 1
8 2 2 2 2
9 7 7 7 3
10 0 6 3 1
11 7 2 3 3
12 4 3 7 7
13 3 2 2 7
14 2 2 2 3
15 7 4 2 2
16 0 6 2 1
17 0 5 7 1
18 0 5 2 6
19 2 2 7 7
20 0 1 2 8
21 0 8 2 5
22 0 8 2 8
23 0 8 2 1
24 7 7 2 2
25 7 2 4 2
26 7 4 7 2
27 0 6 2 5
28 0 0 1 1
29 2 7 3 4
30 0 5 7 5
31 2 2 3 7
32 0 0 1 1
33 2 7 7 7
34 7 7 7 3
35 0 5 3 5
36 0 8 7 5
37 0 6 7 8
38 2 7 2 7
39 4 3 3 7
40 7 4 2 2
41 4 4 2 7
42 2 2 3 7
43 2 7 2 7
44 0 0 6 6
45 0 8 7 6
46 2 2 7 7
47 0 1 7 6
48 3 4 2 7
49 0 8 2 5
50 2 7 7 7
51 2 2 7 7
52 7 7 7 2
53 0 8 2 1
54 0 1 2 5
55 2 2 2 7
56 0 5 7 6
57 0 6 4 6
58 7 2 2 4
59 0 1 7 8
60 2 2 7 7
61 0 1 3 6
62 2 2 2 4
63 3 7 7 7
64 2 2 7 7
65 2 7 7 7
66 3 2 7 7
67 0 6 2 5
68 7 2 2 7
69 0 1 2 8
70 7 4 4 3
71 0 5 2 6
72 0 6 7 8
