# Eternity II (16×16)
# Type: eternity2
# Dimensions: 16x16
# Total pièces: 256
# Difficulté: extreme
# Pièce fixe: 139
#

1 0 0 13 15
2 0 0 13 19
3 0 0 2 15
4 0 0 15 2
5 0 13 6 13
6 0 13 8 2
7 0 13 3 13
8 0 13 3 11
9 0 13 7 15
10 0 13 4 19
11 0 13 9 2
12 0 13 5 19
13 0 13 5 11
14 0 13 16 19
15 0 2 8 13
16 0 2 18 15
17 0 2 12 11
18 0 2 20 11
19 0 2 4 2
20 0 2 9 2
21 0 2 1 19
22 0 2 10 13
23 0 2 10 11
24 0 2 21 13
25 0 2 16 13
26 0 15 6 2
27 0 15 6 15
28 0 15 8 15
29 0 15 18 15
30 0 15 4 11
31 0 15 9 2
32 0 15 21 15
33 0 15 5 2
34 0 15 5 19
35 0 15 14 11
36 0 15 17 19
37 0 19 18 13
38 0 19 22 11
39 0 19 7 11
40 0 19 20 2
41 0 19 20 15
42 0 19 9 13
43 0 19 9 2
44 0 19 9 15
45 0 19 1 13
46 0 19 21 19
47 0 19 5 19
48 0 19 14 19
49 0 11 6 11
50 0 11 8 13
51 0 11 8 2
52 0 11 3 13
53 0 11 4 19
54 0 11 1 19
55 0 11 1 11
56 0 11 5 15
57 0 11 14 13
58 0 11 14 11
59 0 11 16 2
60 0 11 17 15
61 3 18 6 6
62 12 4 6 6
63 8 22 6 8
64 6 5 6 18
65 18 17 6 18
66 12 12 6 18
67 7 8 6 18
68 21 3 6 18
69 17 5 6 18
70 22 4 6 22
71 4 10 6 22
72 12 18 6 7
73 9 1 6 7
74 21 9 6 7
75 5 22 6 7
76 12 9 6 20
77 20 9 6 20
78 22 14 6 4
79 21 22 6 4
80 14 16 6 4
81 20 18 6 9
82 18 18 6 1
83 7 1 6 1
84 18 20 6 10
85 3 12 6 10
86 5 10 6 10
87 14 21 6 10
88 6 16 6 21
89 3 17 6 21
90 1 14 6 21
91 7 10 6 5
92 20 9 6 5
93 20 1 6 5
94 1 16 6 5
95 10 12 6 5
96 16 22 6 16
97 1 20 6 17
98 21 5 6 17
99 16 3 6 17
100 17 16 6 17
101 10 9 8 8
102 10 14 8 8
103 14 20 8 8
104 17 3 8 8
105 1 9 8 18
106 22 5 8 3
107 20 5 8 3
108 1 9 8 3
109 14 7 8 3
110 9 10 8 12
111 10 9 8 12
112 21 20 8 22
113 21 14 8 22
114 12 1 8 7
115 4 10 8 7
116 10 7 8 7
117 17 14 8 7
118 22 16 8 20
119 14 10 8 4
120 5 17 8 9
121 12 17 8 1
122 3 14 8 21
123 12 20 8 21
124 21 9 8 21
125 10 17 8 5
126 16 9 8 5
127 12 3 8 14
128 20 16 8 14
129 1 22 8 14
130 21 5 8 14
131 3 21 8 16
132 10 12 8 16
133 12 14 8 17
134 7 1 8 17
135 1 22 8 17
136 14 21 8 17
137 21 4 18 18
138 3 22 18 3
139 18 3 3 7
140 3 10 18 3
141 20 16 18 3
142 9 3 18 3
143 14 10 18 3
144 16 16 18 3
145 22 1 18 12
146 18 10 18 22
147 18 17 18 22
148 22 12 18 22
149 9 10 18 22
150 3 7 18 20
151 1 17 18 20
152 7 7 18 4
153 7 20 18 4
154 17 14 18 4
155 4 4 18 1
156 4 10 18 1
157 17 4 18 1
158 4 14 18 21
159 5 3 18 21
160 16 16 18 5
161 3 21 18 14
162 12 21 18 14
163 9 7 18 17
164 1 14 18 17
165 22 1 3 12
166 1 5 3 12
167 22 22 3 7
168 7 9 3 20
169 20 16 3 20
170 1 5 3 4
171 21 14 3 4
172 16 7 3 4
173 9 9 3 9
174 10 21 3 9
175 4 16 3 1
176 4 20 3 10
177 12 1 3 21
178 10 14 3 5
179 5 9 3 5
180 4 14 3 14
181 7 14 3 16
182 4 7 3 16
183 20 5 12 12
184 17 4 12 22
185 20 10 12 7
186 5 5 12 7
187 16 4 12 20
188 12 16 12 4
189 22 20 12 4
190 14 20 12 4
191 22 22 12 9
192 9 21 12 9
193 7 4 12 1
194 16 7 12 10
195 16 17 12 10
196 17 9 12 10
197 7 17 12 21
198 20 5 12 21
199 21 21 12 21
200 20 22 12 5
201 16 5 12 14
202 17 4 12 14
203 10 20 12 16
204 10 5 12 16
205 14 22 12 16
206 17 16 12 16
207 17 4 22 22
208 20 17 22 7
209 5 9 22 7
210 7 20 22 4
211 14 9 22 4
212 22 14 22 9
213 5 5 22 1
214 22 21 22 10
215 1 17 22 10
216 17 16 22 10
217 20 9 22 21
218 1 10 22 14
219 7 1 22 16
220 7 14 22 17
221 16 16 22 17
222 16 17 22 17
223 10 17 7 7
224 21 4 7 7
225 14 9 7 7
226 20 9 7 4
227 10 10 7 4
228 20 5 7 1
229 4 17 7 21
230 14 5 7 21
231 10 21 7 5
232 10 16 7 5
233 20 21 20 20
234 14 1 20 4
235 4 1 20 1
236 4 21 20 1
237 10 9 20 1
238 1 14 20 10
239 9 17 20 21
240 16 9 20 21
241 4 16 20 5
242 1 16 20 5
243 9 10 4 9
244 21 5 4 9
245 17 21 4 1
246 14 17 4 16
247 16 17 9 9
248 10 1 9 1
249 1 16 9 10
250 14 16 9 21
251 17 5 1 1
252 5 10 1 10
253 14 21 10 5
254 16 14 21 14
255 14 17 21 17
256 16 17 5 17
