# Puzzle Indice 4 (12×6)
# Type: indice4_descending
# Dimensions: 6x12
# Total pièces: 72
# Difficulté: difficile
# Verbose: false
# PrioritizeBorders: false
# SortOrder: descending
# SeuillAffichage: 999
#

1 9 7 6 1
2 6 1 7 1
3 0 8 6 4
4 6 1 7 7
5 1 1 6 6
6 0 0 2 5
7 6 7 7 1
8 7 6 6 6
9 6 7 1 1
10 6 1 1 1
11 1 7 7 6
12 0 0 3 5
13 7 7 1 1
14 7 6 6 6
15 9 1 6 6
16 1 6 7 7
17 1 7 7 7
18 7 1 1 1
19 0 2 7 8
20 0 8 1 3
21 9 6 6 6
22 1 1 7 7
23 6 6 7 7
24 0 5 6 3
25 1 6 6 6
26 6 7 7 9
27 0 5 7 4
28 7 1 1 1
29 0 4 7 8
30 1 7 1 7
31 7 1 1 6
32 0 2 6 2
33 7 6 1 6
34 7 1 6 6
35 6 7 1 1
36 0 8 6 8
37 0 8 6 8
38 6 1 1 1
39 7 6 6 1
40 1 7 7 7
41 0 4 7 8
42 0 4 1 2
43 1 9 6 6
44 0 3 7 3
45 0 3 6 4
46 1 6 1 7
47 0 2 6 8
48 7 1 1 6
49 0 5 1 4
50 0 8 1 5
51 6 1 7 7
52 0 2 1 4
53 0 4 1 5
54 0 5 6 3
55 1 6 1 6
56 0 0 4 4
57 0 5 1 3
58 6 1 1 1
59 6 7 1 7
60 0 4 7 2
61 0 8 7 2
62 0 5 6 8
63 6 7 6 7
64 0 3 6 2
65 0 3 7 2
66 6 7 1 7
67 0 3 9 3
68 7 6 1 6
69 0 0 3 5
70 6 6 7 7
71 0 8 1 5
72 0 2 7 3
