# Eternity II - 16×16 - Converted from edge_puzzle CSV
# Type: Eternity II
# Dimensions: 16x16
# Difficulty: Hard
# Format: pieceId N E S W
# Total pieces: 256
#
1 0 1 2 0
2 0 1 3 0
3 0 4 2 0
4 0 2 4 0
5 0 1 6 1
6 0 1 7 4
7 0 1 8 1
8 0 1 8 5
9 0 1 9 2
10 0 1 10 3
11 0 1 11 4
12 0 1 12 3
13 0 1 12 5
14 0 1 13 3
15 0 4 7 1
16 0 4 14 2
17 0 4 15 5
18 0 4 16 5
19 0 4 10 4
20 0 4 11 4
21 0 4 17 3
22 0 4 18 1
23 0 4 18 5
24 0 4 19 1
25 0 4 13 1
26 0 2 6 4
27 0 2 6 2
28 0 2 7 2
29 0 2 14 2
30 0 2 10 5
31 0 2 11 4
32 0 2 19 2
33 0 2 12 4
34 0 2 12 3
35 0 2 20 5
36 0 2 21 3
37 0 3 14 1
38 0 3 22 5
39 0 3 9 5
40 0 3 16 4
41 0 3 16 2
42 0 3 11 1
43 0 3 11 4
44 0 3 11 2
45 0 3 17 1
46 0 3 19 3
47 0 3 12 3
48 0 3 20 3
49 0 5 6 5
50 0 5 7 1
51 0 5 7 4
52 0 5 8 1
53 0 5 10 3
54 0 5 17 3
55 0 5 17 5
56 0 5 12 2
57 0 5 20 1
58 0 5 20 5
59 0 5 13 4
60 0 5 21 2
61 14 6 6 8
62 10 6 6 15
63 22 6 7 7
64 12 6 14 6
65 21 6 14 14
66 15 6 14 15
67 7 6 14 9
68 8 6 14 19
69 12 6 14 21
70 10 6 22 22
71 18 6 22 10
72 14 6 9 15
73 17 6 9 11
74 11 6 9 19
75 22 6 9 12
76 11 6 16 15
77 11 6 16 16
78 20 6 10 22
79 22 6 10 19
80 13 6 10 20
81 14 6 11 16
82 14 6 17 14
83 17 6 17 9
84 16 6 18 14
85 15 6 18 8
86 18 6 18 12
87 19 6 18 20
88 13 6 19 6
89 21 6 19 8
90 20 6 19 17
91 18 6 12 9
92 11 6 12 16
93 17 6 12 16
94 13 6 12 17
95 15 6 12 18
96 22 6 13 13
97 16 6 21 17
98 12 6 21 19
99 8 6 21 13
100 13 6 21 21
101 11 7 7 18
102 20 7 7 18
103 16 7 7 20
104 8 7 7 21
105 11 7 14 17
106 12 7 8 22
107 12 7 8 16
108 11 7 8 17
109 9 7 8 20
110 18 7 15 11
111 11 7 15 18
112 16 7 22 19
113 20 7 22 19
114 17 7 9 15
115 18 7 9 10
116 9 7 9 18
117 20 7 9 21
118 13 7 16 22
119 18 7 10 20
120 21 7 11 12
121 21 7 17 15
122 20 7 19 8
123 16 7 19 15
124 11 7 19 19
125 21 7 12 18
126 11 7 12 13
127 8 7 20 15
128 13 7 20 16
129 22 7 20 17
130 12 7 20 19
131 19 7 13 8
132 15 7 13 18
133 20 7 21 15
134 17 7 21 9
135 22 7 21 17
136 19 7 21 20
137 10 14 14 19
138 22 14 8 8
139 9 14 8 8
140 18 14 8 8
141 13 14 8 16
142 8 14 8 11
143 18 14 8 20
144 13 14 8 13
145 17 14 15 22
146 18 14 22 14
147 21 14 22 14
148 15 14 22 22
149 18 14 22 11
150 9 14 16 8
151 21 14 16 17
152 9 14 10 9
153 16 14 10 9
154 20 14 10 21
155 10 14 17 10
156 18 14 17 10
157 10 14 17 21
158 20 14 19 10
159 8 14 19 12
160 13 14 12 13
161 19 14 20 8
162 19 14 20 15
163 9 14 21 11
164 20 14 21 17
165 17 8 15 22
166 12 8 15 17
167 22 8 9 22
168 11 8 16 9
169 13 8 16 16
170 12 8 10 17
171 20 8 10 19
172 9 8 10 13
173 11 8 11 11
174 19 8 11 18
175 13 8 17 10
176 16 8 18 10
177 17 8 19 15
178 20 8 12 18
179 11 8 12 12
180 20 8 20 10
181 20 8 13 9
182 9 8 13 10
183 12 15 15 16
184 10 15 22 21
185 18 15 9 16
186 12 15 9 12
187 10 15 16 13
188 13 15 10 15
189 16 15 10 22
190 16 15 10 20
191 22 15 11 22
192 19 15 11 11
193 10 15 17 9
194 9 15 18 13
195 21 15 18 13
196 11 15 18 21
197 21 15 19 9
198 12 15 19 16
199 19 15 19 19
200 22 15 12 16
201 12 15 20 13
202 10 15 20 21
203 16 15 13 18
204 12 15 13 18
205 22 15 13 20
206 13 15 13 21
207 10 22 22 21
208 21 22 9 16
209 11 22 9 12
210 16 22 10 9
211 11 22 10 20
212 20 22 11 22
213 12 22 17 12
214 19 22 18 22
215 21 22 18 17
216 13 22 18 21
217 11 22 19 16
218 18 22 20 17
219 17 22 13 9
220 20 22 21 9
221 13 22 21 13
222 21 22 21 13
223 21 9 9 18
224 10 9 9 19
225 11 9 9 20
226 11 9 10 16
227 18 9 10 18
228 12 9 17 16
229 21 9 19 10
230 12 9 19 20
231 19 9 12 18
232 13 9 12 18
233 19 16 16 16
234 17 16 10 20
235 17 16 17 10
236 19 16 17 10
237 11 16 17 18
238 20 16 18 17
239 21 16 19 11
240 11 16 19 13
241 13 16 12 10
242 13 16 12 17
243 18 10 11 11
244 12 10 11 19
245 19 10 17 21
246 21 10 13 20
247 21 11 11 13
248 17 11 17 18
249 13 11 18 17
250 13 11 19 20
251 12 17 17 21
252 18 17 18 12
253 19 18 12 20
254 20 19 20 13
255 21 19 21 20
256 21 12 21 13
